44
31
6
79
32
18
95
33
41
71
49
3
62
37
37
62
22
41
11
23
37
93
86
51
15
47
96
16
85
62
41
27
19
92
64
6
46
87
19
19
8
11
92
52
17
26
11
2
74
59
95
21
68
54
75
94
65
62
72
24
85
55
77
76
11
75
25
12
18
14
82
79
46
81
35
69
28
67
13
26
94
3
71
94
73
19
91
83
33
91
14
32
66
73
19
35
56
49
66
54
23
98
16
56
63
55
57
1
86
16
58
67
36
86
93
82
51
9
33
52
46
16
4
62
16
28
28
81
24
55
23
55
19
37
8
43
31
21
22
16
19
52
99
34
76
65
21
17
64
18
34
8
91
21
31
12
81
71
91
69
29
47
74
83
74
8
73
35
89
12
47
48
31
69
46
17
42
22
72
57
13
28
71
91
75
14
11
53
93
41
85
74
94
54
99
29
32
41
34
48
51
81
52
51
45
36
75
61
57
62
33
91
67
29
14
14
16
57
95
85
18
62
89
5
91
64
99
8
84
24
21
47
46
45
67
14
22
1
92
4
3
51
93
17
16
86
4
68
29
57
23
19
58
64
43
71
21
49
32
97
23
91
2
21
18
95
34
13
66
13
11
43
91
73
82
85
21
43
22
67
65
88
92
77
21
22
65
83
24
11
23
35
64
61
65
57
93
91
3
34
72
23
16
78
28
37
97
75
84
2
71
62
67
38
86
13
96
12
87
31
56
79
29
35
27
16
25
69
54
27
56
14
21
66
97
67
18
43
16
21
15
36
36
13
51
57
54
33
66
3
91
76
3
17
52
24
14
15
29
62
65
41
61
93
28
72
19
87
57
95
72
95
14
13
15
97
21
49
35
22
27
33
9
13
79
61
27
75
16
19
27
23
1
39
19
25
11
49
93
62
41
97
87
28
57
31
11
85
92
11
56
69
35
37
17
98
15
92
92
94
25
69
74
37
42
19
32
9
23
45
51
28
49
47
88
27
15
48
6
98
69
11
17
25
39
8
99
33
21
83
27
99
39
17
2
96
2
71
39
59
64
1
73
72
75
69
38
32
74
63
49
14
46
18
64
89
13
22
94
63
21
59
47
14
66
34
79
13
43
6
79
43
78
13
11
96
45
89
76
57
61
55
11
49
19
17
47
76
25
94
91
91
13
66
32
13
22
18
46
31
35
98
81
67
57
17
81
12
17
24
99
23
93
42
6
35
7
52
36
33
15
24
54
13
82
23
17
14
51
51
54
21
73
7
11
66
21
23
33
61
16
39
51
17
21
63
18
13
17
93
25
23
15
73
16
52
78
57
61
17
82
82
61
19
34
39
11
19
19
51
93
96
43
38
13
64
91
92
69
98
32
74
96
19
77
72
65
11
59
93
67
37
89
13
68
38
19
41
82
79
6
21
61
22
61
32
17
41
95
56
98
44
46
22
11
62
89
95
22
94
42
32
63
45
84
3
41
13
37
41
83
6
42
9
18
37
28
41
2
83
67
5
65
11
56
94
89
16
16
72
95
94
35
49
59
41
55
71
35
37
84
42
8
24
15
75
2
8
82
88
61
41
66
13
59
73
37
51
19
25
61
94
24
64
18
12
25
92
65
5
39
14
66
27
59
39
42
24
18
46
42
47
32
31
45
66
11
21
56
2
53
51
11
9
42
48
43
45
63
26
35
74
47
48
72
98
9
17
68
91
91
66
57
81
99
21
13
91
37
13
27
91
49
95
97
73
71
11
45
76
29
12
55
84
5
67
13
4
95
66
25
12
65
33
23
53
32
42
44
82
12
23
37
55
27
15
32
18
16
71
12
11
46
71
27
26
12
61
95
24
68
13
97
31
48
17
22
49
29
35
13
36
43
98
48
83
67
45
17
89
14
6
91
59
61
99
77
31
64
29
13
21
78
79
36
48
55
75
22
42
9
79
19
41
97
17
89
48
4
16
49
76
16
23
32
7
72
21
11
41
32
6
31
26
34
19
35
92
42
44
86
12
15
33
92
92
72
24
97
66
53
52
16
46
88
27
28
42
12
59
36
66
78
17
37
11
4
41
13
7
73
64
66
98
14
23
74
46
11
15
56
31
46
34
55
15
41
11
26
13
23
31
29
98
91
65
19
81
96
7
58
62
91
26
33
82
27
66
28
65
25
38
18
93
15
13
47
22
64
52
91
24
64
24
46
49
39
74
91
57
33
58
76
11
71
82
11
27
37
78
99
55
34
77
11
11
24
85
55
44
15
44
49
27
99
57
78
62
6
33